 time_namelookup:  0.005663
       time_connect:  0.010790
    time_appconnect:  0.000000
   time_pretransfer:  0.011132
      time_redirect:  0.000000
 time_starttransfer:  0.044265
                    ----------
         time_total:  0.044465
